(380),
(476),
(437),
(378),
(379),
(749),
(813),
(434),
(604),
(818),
(885),
(595),
(965),
(670),
(207),
(876),
(29),
(93),
(149),
(157),
(440),
(788),
(960),
(472),
(485),
(552),
(349),
(143),
(535),
(261),
(836),
(754),
(24),
(773),
(550),
(426),
(712),
(790),
(268),
(106),
(728),
(638),
(238),
(716),
(18),
(973),
(912),
(738),
(810),
(585),
(255),
(669),
(129),
(458),
(7),
(530),
(173),
(87),
(295),
(594),
(244),
(35),
(596),
(506),
(465),
(871),
(414),
(129),
(269),
(842),
(943),
(528),
(619),
(912),
(505),
(993),
(929),
(179),
(8),
(173),
(630),
(638),
(713),
(610),
(599),
(243),
(936),
(413),
(333),
(493),
(948),
(790),
(417),
(585),
(805),
(772),
(305),
(443),
(551),
(39),
(629),
(308),
(990),
(91),
(484),
(389),
(360),
(150),
(491),
(379),
(672),
(156),
(931),
(607),
(925),
(851),
(628),
(138),
(592),
(624),
(452),
(208),
(452),
(1000),
(664),
(255),
(806),
(830),
(265),
(22),
(583),
(324),
(586),
(6),
(914),
(119),
(366),
(976),
(780),
(185),
(614),
(47),
(105),
(247),
(166),
(482),
(855),
(588),
(741),
(156),
(292),
(832),
(556),
(806),
(377),
(558),
(396),
(216),
(353),
(216),
(965),
(691),
(716),
(536),
(836),
(255),
(658),
(588),
(518),
(641),
(978),
(313),
(357),
(715),
(51),
(673),
(185),
(885),
(544),
(746),
(42),
(155),
(494),
(291),
(836),
(174),
(221),
(239),
(764),
(384),
(711),
(738),
(811),
(130),
(435),
(258),
(429),
(311),
(699),
(943),
(943),
(574),
(676),
(884),
(628),
(556),
(161),
(987),
(216),
(172),
(233),
(157),
(211),
(379),
(60),
(697),
(98),
(907),
(122),
(359),
(367),
(355),
(226),
(841),
(272),
(999),
(34),
(36),
(714),
(208),
(311),
(874),
(377),
(854),
(106),
(551),
(33),
(691),
(306),
(454),
(582),
(711),
(924),
(216),
(600),
(968),
(95),
(140),
(131),
(420),
(364),
(135),
(883),
(249),
(620),
(856),
(931),
(92),
(156),
(570),
(669),
(488),
(941),
(173),
(130),
(995),
(203),
(938),
(482),
(471),
(703),
(16),
(310),
(310),
(700),
(438),
(409),
(268),
(835),
(556),
(684),
(501),
(867),
(750),
(433),
(255),
(194),
(334),
(914),
(115),
(809),
(530),
(236),
(679),
(463),
(610),
(273),
(775),
(691),
(105),
(836),
(29),
(24),
(68),
(307),
(220),
(981),
(401),
(864),
(123),
(422),
(172),
(505),
(414),
(606),
(293),
(373),
(515),
(635),
(63),
(868),
(887),
(442),
(283),
(522),
(280),
(795),
(29),
(996),
(686),
(367),
(63),
(363),
(322),
(202),
(218),
(362),
(637),
(88),
(121),
(875),
(187),
(778),
(654),
(894),
(280),
(42),
(824),
(415),
(764),
(972),
(880),
(260),
(109),
(223),
(773),
(921),
(773),
(545),
(703),
(592),
(284),
(630),
(540),
(916),
(594),
(961),
(929),
(305),
(35),
(84),
(975),
(194),
(956),
(717),
(306),
(928),
(859),
(608),
(323),
(195),
(645),
(332),
(122),
(956),
(700),
(579),
(31),
(831),
(266),
(336),
(129),
(461),
(715),
(108),
(882),
(226),
(747),
(569),
(514),
(548),
(298),
(457),
(310),
(479),
(552),
(295),
(349),
(914),
(313),
(30),
(659),
(193),
(795),
(99),
(820),
(985),
(742),
(564),
(914),
(954),
(140),
(523),
(921),
(703),
(94),
(265),
(178),
(670),
(100),
(131),
(848),
(159),
(567),
(60),
(84),
(497),
(556),
(143),
(102),
(415),
(908),
(630),
(7),
(813),
(80),
(347),
(615),
(280),
(42),
(733),
(393),
(57),
(457),
(458),
(596),
(792),
(773),
(882),
(446),
(339),
(513),
(755),
(227),
(321),
(503),
(545),
(214),
(828),
(654),
(470),
(775),
(665),
(451),
(91),
(17),
(896),
(725),
(434),
(366),
(492),
(27),
(716),
(131),
(160),
(306),
(925),
(464),
(919),
(113),
(885),
(76),
(974),
(12),
(933),
(439),
(768),
(81),
(841),
(447),
(632),
(277),
(339),
(764),
(551),
(808),
(978),
(900),
(31),
(533),
(526),
(377),
(894),
(273),
(417),
(660),
(841),
(215),
(374),
(503),
(242),
(799),
(627),
(332),
(73),
(352),
(249),
(445),
(422),
(121),
(234),
(411),
(757),
(174),
(41),
(519),
(101),
(989),
(738),
(759),
(324),
(115),
(896),
(632),
(955),
(113),
(672),
(512),
(931),
(522),
(146),
(784),
(35),
(829),
(683),
(340),
(353),
(703),
(715),
(93),
(16),
(310),
(341),
(759),
(670),
(743),
(281),
(766),
(574),
(768),
(499),
(615),
(923),
(3),
(714),
(642),
(435),
(700),
(240),
(886),
(886),
(919),
(33),
(207),
(443),
(167),
(834),
(676),
(629),
(18),
(100),
(434),
(977),
(488),
(516),
(567),
(433),
(382),
(42),
(951),
(909),
(75),
(356),
(461),
(659),
(925),
(101),
(95),
(971),
(98),
(914),
(314),
(270),
(740),
(4),
(96),
(579),
(847),
(112),
(168),
(864),
(844),
(523),
(712),
(71),
(550),
(41),
(149),
(560),
(146),
(216),
(458),
(41),
(384),
(498),
(647),
(606),
(405),
(556),
(898),
(619),
(295),
(232),
(296),
(655),
(780),
(206),
(738),
(73),
(255),
(290),
(229),
(337),
(898),
(817),
(256),
(81),
(773),
(670),
(2),
(655),
(211),
(672),
(210),
(414),
(877),
(266),
(983),
(701),
(683),
(298),
(815),
(160),
(610),
(715),
(656),
(208),
(760),
(215),
(500),
(227),
(765),
(852),
(362),
(337),
(834),
(931),
(715),
(277),
(488),
(130),
(860),
(284),
(254),
(959),
(590),
(495),
(552),
(78),
(483),
(954),
(313),
(162),
(161),
(191),
(105),
(384),
(873),
(329),
(747),
(535),
(502),
(925),
(695),
(9),
(147),
(30),
(728),
(996),
(848),
(149),
(825),
(705),
(124),
(756),
(195),
(184),
(88),
(643),
(120),
(298),
(427),
(991),
(701),
(780),
(954),
(195),
(861),
(577),
(602),
(537),
(104),
(399),
(317),
(674),
(771),
(87),
(158),
(642),
(943),
(442),
(847),
(355),
(268),
(544),
(853),
(689),
(808),
(393),
(363),
(8),
(86),
(445),
(386),
(489),
(866),
(409),
(999),
(853),
(135),
(126),
(517),
(768),
(586),
(952),
(457),
(84),
(347),
(835),
(931),
(704),
(87),
(929),
(54),
(456),
(700),
(364),
(391),
(780),
(311),
(356),
(57),
(92),
(651),
(953),
(6),
(175),
(228),
(2),
(307),
(204),
(8),
(909),
(747),
(327),
(134),
(214),
(708),
(878),
(753),
(648),
(834),
(616),
(296),
(947),
(53),
(208),
(122),
(384),
(895),
(308),
(733),
(422),
(272),
(260),
(783),
(505),
(527),
(306),
(221),
(696),
(620),
(12),
(424),
(426),
(495),
(122),
(584),
(471),
(371),
(976),
(838),
(941),
(208),
(279),
(770),
(757),
(835),
(229),
(48),
(355),
(3),
(160),
(472),
(295),
(968),
(87),
(696),
(551),
(190),
(163),
(838),
(260),
(839),
(236),
(644),
(141),
(242),
(183),
(920),
(821),
(63),
(644),
(772),
(87),
(292),
(611),
(817),
(532),
(956),
(448),
(347),
(185),
(242),
(156),
(773),
(593),
(765),
(781),
(989),
(549),
(958),
(664),
(968),
(739),
(448),
(249),
(80),
(140),
(561),
(532),
(180),
(56),
(913),
(612),
(890),
(655),
(425),
(582),
(17),
(2),
(635),
(552),
(998),
(996),
(746),
(108),
(18),
(840),
(464),
(479),
(588),
(210),
(376),
(412),
(764),
(976),
(363),
(918),
(889),
(865),
(676),
(385),
(506),
(143),
(482),
(190),
(759),
(241),
(961),
(414),
(726),
(974),
(594),
(967),
(993),
(896),
(292),
(333),
(154),
(98),
(843),
(539),
(439),
(642),
(567),
(476),
(743),
(446),
(91),
(586),
(155),
(106),
(968),
(673),
(389),
(818),
(813),
(588),
(385),
(752),
(494),
(381),
(444),
(479),
(724),
(458),
(16),
(369),
(88),
(209),
(230),
(883),
(827),
(127),
(190),
(136),
(349),
(886),
(194),
(636),
(526),
(288),
(321),
(356),
(640),
(506),
(228),
(480),
(287),
(198),
(747),
(813),
(914),
(976),
(669),
(391),
(758),
(669),
(231),
(805),
(225),
(499),
(204),
(563),
(993),
(60),
(916),
(435),
(109),
(594),
(341),
(733),
(579),
(151),
(544),
(664),
(805),
(780),
(619),
(270),
(37),
(967),
(382),
(285),
(135),
(930),
(707),
(28),
(778),
(885),
(609),
(353),
(866),
(240),
(882),
(668),
(717),
(511),
(826),
(471),
(844),
(77),
(842),
(719),
(647),
(97),
(494),
(887),
(483),
(317),
(967),
(434),
(889),
(80),
(365),
(618),
(655),
(775),
(526),
(88),
(279),
(837),
(303),
(258),
(883),
(630),
(707),
(283),
(977),
(654),
(624),
(969),
(116),
(780),
(864),
(187),
(936),
(106),
(153),
(519),
(62),
(229),
(138),
(499),
(631),
(494),
(12),
(943),
(109),
(479),
(438),
(414),
(238),
(503),
(262),
(17),
(978),
(13),
(284),
(192),
(946),
(149),
(792),
(806),
(542),
(559),
(866),
(909),
(15),
(791),
(616),
(984),
(280),
(290),
(743),
(672),
(850),
(321),
(81),
(771),
(603),
(412),
(415),
(971),
(798),
(246),
(299),
(585),
(947),
(683),
(411),
(864),
(886),
(452),
(242),
(587),
(833),
(569),
(867),
(823),
(781),
(571),
(757),
(172),
(484),
(668),
(1),
(489),
(643),
(778),
(900),
(635),
(774),
(550),
(329),
(889),
(73),
(38),
(157),
(413),
(452),
(3),
(953),
(568),
(701),
(413),
(746),
(408),
(710),
(600),
(208),
(53),
(130),
(285),
(239),
(43),
(506),
(299),
(973),
(825),
(461),
(897),
(777),
(325),
(362),
(792),
(703),
(412),
(321),
(426),
(84),
(586),
(825),
(666),
(470),
(91),
(165),
(460),
(421),
(775),
(285),
(687),
(114),
(540),
(295),
(886),
(376),
(525),
(876),
(472),
(331),
(202),
(218),
(305),
(730),
(227),
(122),
(823),
(636),
(328),
(737),
(34),
(170),
(549),
(85),
(575),
(262),
(765),
(908),
(404),
(469),
(92),
(409),
(191),
(429),
(664),
(767),
(855),
(151),
(373),
(170),
(68),
(394),
(223),
(877),
(823),
(803),
(14),
(657),
(648),
(45),
(477),
(620),
(18),
(835),
(619),
(844),
(341),
(854),
(780),
(597),
(937),
(891),
(300),
(311),
(55),
(587),
(41),
(239),
(157),
(585),
(896),
(727),
(745),
(582),
(664),
(974),
(298),
(963),
(725),
(537),
(234),
(14),
(784),
(3),
(305),
(643),
(104),
(569),
(518),
(964),
(382),
(906),
(810),
(855),
(908),
(445),
(17),
(705),
(223),
(936),
(628),
(952),
(796),
(839),
(108),
(585),
(540),
(92),
(25),
(978),
(198),
(194),
(175),
(940),
(654),
(356),
(551),
(278),
(689),
(146),
(955),
(831),
(314),
(82),
(988),
(159),
(245),
(680),
(483),
(987),
(11),
(226),
(487),
(415),
(280),
(369),
(356),
(209),
(290),
(501),
(620),
(5),
(17),
(116),
(374),
(775),
(700),
(382),
(883),
(328),
(349),
(102),
(967),
(551),
(170),
(239),
(208),
(568),
(338),
(175),
(383),
(842),
(492),
(946),
(470),
(520),
(944),
(232),
(773),
(482),
(124),
(372),
(48),
(58),
(376),
(246),
(531),
(891),
(355),
(913),
(212),
(839),
(325),
(489),
(651),
(772),
(101),
(691),
(916),
(956),
(788),
(105),
(723),
(361),
(446),
(490),
(934),
(815),
(498),
(557),
(76),
(643),
(765),
(107),
(733),
(643),
(579),
(47),
(97),
(765),
(117),
(240),
(26),
(531),
(158),
(384),
(452),
(514),
(779),
(745),
(570),
(326),
(263),
(589),
(217),
(425),
(6),
(477),
(795),
(746),
(446),
(812),
(94),
(384),
(699),
(53),
(860),
(955),
(582),
(916),
(697),
(178),
(192),
(953),
(428),
(642),
(402),
(190),
(610),
(859),
(687),
(480),
(34),
(558),
(812),
(13),
(982),
(477),
(571),
(279),
(942),
(122),
(133),
(903),
(127),
(508),
(501),
(789),
(460),
(95),
(535),
(1),
(627),
(25),
(931),
(825),
(513),
(519),
(725),
(441),
(343),
(288),
(457),
(997),
(661),
(360),
(692),
(687),
(743),
(530),
(29),
(736),
(350),
(628),
(735),
(695),
(412),
(264),
(275),
(995),
(568),
(780),
(102),
(784),
(882),
(427),
(47),
(926),
(832),
(354),
(140),
(794),
(753),
(926),
(773),
(738),
(742),
(448),
(235),
(560),
(258),
(427),
(505),
(984),
(270),
(346),
(551),
(656),
(830),
(273),
(883),
(907),
(974),
(404),
(310),
(305),
(140),
(435),
(343),
(403),
(948),
(363),
(953),
(104),
(407),
(287),
(65),
(424),
(378),
(584),
(868),
(446),
(912),
(619),
(850),
(281),
(387),
(209),
(586),
(627),
(730),
(123),
(566),
(961),
(707),
(92),
(903),
(545),
(379),
(488),
(126),
(837),
(279),
(121),
(901),
(815),
(990),
(452),
(934),
(228),
(777),
(63),
(27),
(255),
(915),
(575),
(71),
(265),
(466),
(668),
(123),
(376),
(76),
(52),
(42),
(772),
(637),
(329),
(124),
(523),
(905),
(263),
(413),
(141),
(706),
(249),
(734),
(625),
(141),
(642),
(670),
(778),
(409),
(216),
(611),
(585),
(503),
(778),
(590),
(691),
(692),
(725),
(153),
(101),
(126),
(535),
(490),
(827),
(154),
(552),
(730),
(724),
(210),
(163),
(398),
(625),
(462),
(704),
(965),
(284),
(640),
(641),
(784),
(721),
(601),
(986),
(553),
(742),
(534),
(560),
(618),
(886),
(593),
(508),
(73),
(284),
(940),
(544),
(85),
(245),
(178),
(30),
(321),
(982),
(36),
(523),
(562),
(489),
(411),
(599),
(108),
(451),
(925),
(584),
(740),
(552),
(432),
(352),
(948),
(121),
(620),
(709),
(740),
(619),
(206),
(409),
(890),
(355),
(435),
(32),
(837),
(409),
(900),
(291),
(557),
(281),
(602),
(155),
(577),
(699),
(97),
(554),
(82),
(936),
(98),
(489),
(637),
(953),
(1),
(119),
(622),
(186),
(367),
(614),
(661),
(35),
(734),
(318),
(826),
(415),
(558),
(977),
(11),
(926),
(579),
(699),
(977),
(373),
(405),
(85),
(978),
(133),
(531),
(368),
(207),
(965),
(982),
(310),
(595),
(894),
(593),
(583),
(145),
(84),
(359),
(749),
(562),
(72),
(465),
(456),
(873),
(998),
(792),
(261),
(632),
(153),
(98),
(914),
(33),
(585),
(402),
(342),
(787),
(113),
(747),
(742),
(537),
(76),
(30),
(878),
(585),
(748),
(476),
(910),
(881),
(389),
(581),
(886),
(587),
(820),
(632),
(246),
(787),
(692),
(848),
(124),
(166),
(936),
(910),
(242),
(649),
(41),
(935),
(895),
(795),
(753),
(696),
(140),
(704),
(123),
(756),
(483),
(442),
(393),
(994),
(637),
(48),
(106),
(723),
(529),
(289),
(82),
(138),
(903),
(448),
(994),
(817),
(324),
(932),
(867),
(441),
(973),
(827),
(470),
(313),
(905),
(172),
(926),
(488),
(977),
(707),
(306),
(773),
(440),
(617),
(444),
(241),
(717),
(861),
(340),
(607),
(72),
(210),
(409),
(996),
(295),
(703),
(265),
(835),
(522),
(887),
(254),
(612),
(736),
(961),
(632),
(413),
(476),
(598),
(854),
(209),
(556),
(897),
(838),
(697),
(460),
(222),
(671),
(106),
(533),
(275),
(192),
(490),
(573),
(975),
(663),
(478),
(526),
(170),
(146),
(849),
(31),
(476),
(170),
(160),
(258),
(465),
(662),
(664),
(345),
(839),
(659),
(855),
(455),
(477),
(584),
(62),
(150),
(375),
(362),
(478),
(457),
(301),
(17),
(200),
(110),
(981),
(100),
(726),
(742),
(916),
(561),
(235),
(684),
(452),
(238),
(675),
(721),
(998),
(276),
(662),
(742),
(852),
(307),
(811),
(435),
(892),
(131),
(484),
(787),
(810),
(223),
(948),
(551),
(911),
(356),
(110),
(102),
(974),
(993),
(603),
(201),
(895),
(512),
(933),
(179),
(823),
(341),
(63),
(856),
(921),
(87),
(593),
(193),
(167),
(716),
(92),
(334),
(238),
(97),
(202),
(168),
(969),
(886),
(951),
(895),
(824),
(786),
(595),
(380),
(271),
(628),
(45),
(840),
(399),
(176),
(572),
(324),
(804),
(477),
(430),
(457),
(221),
(407),
(350),
(557),
(112),
(239),
(795),
(312),
(939),
(36),
(528),
(835),
(821),
(29),
(631),
(476),
(666),
(234),
(458),
(296),
(327),
(105),
(11),
(220),
(413),
(417),
(578),
(619),
(955),
(722),
(975),
(592),
(756),
(333),
(854),
(311),
(827),
(828),
(699),
(33),
(436),
(149),
(872),
(325),
(384),
(39),
(507),
(927),
(542),
(680),
(258),
(612),
(942),
(54),
(366),
(426),
(787),
(327),
(203),
(883),
(310),
(328),
(662),
(264),
(219),
(62),
(986),
(996),
(524),
(482),
(633),
(436),
(864),
(215),
(295),
(907),
(959),
(619),
(598),
(167),
(472),
(229),
(322),
(156),
(834),
(926),
(121),
(933),
(204),
(391),
(411),
(877),
(734),
(231),
(281),
(499),
(266),
(3),
(328),
(512),
(591),
(793),
(246),
(200),
(559),
(837),
(541),
(404),
(798),
(283),
(71),
(993),
(672),
(745),
(499),
(433),
(885),
(913),
(714),
(460),
(804),
(288),
(421),
(146),
(604),
(220),
(380),
(241),
(841),
(347),
(263),
(197),
(366),
(414),
(583),
(42),
(549),
(244),
(234),
(241),
(203),
(739),
(662),
(348),
(533),
(108),
(132),
(970),
(795),
(39),
(457),
(793),
(114),
(57),
(337),
(870),
(784),
(226),
(20),
(349),
(135),
(806),
(108),
(512),
(304),
(699),
(143),
(329),
(687),
(459),
(367),
(147),
(925),
(378),
(422),
(337),
(168),
(306),
(799),
(384),
(837),
(792),
(46),
(755),
(755),
(442),
(827),
(500),
(937),
(209),
(336),
(860),
(325),
(435),
(686),
(170),
(959),
(542),
(836),
(797),
(640),
(435),
(740),
(450),
(266),
(279),
(612),
(187),
(130),
(379),
(602),
(438),
(363),
(750),
(670),
(555),
(792),
(533),
(873),
(738),
(99),
(421),
(857),
(723),
(654),
(566),
(459),
(667),
(723),
(454),
(647),
(244),
(373),
(81),
(985),
(326),
(105),
(517),
(41),
(201),
(537),
(216),
(495),
(520),
(61),
(434),
(150),
(256),
(972),
(130),
(732),
(18),
(76),
(743),
(586),
(205),
(313),
(793),
(365),
(695),
(42),
(807),
(196),
(675),
(360),
(31),
(93),
(490),
(672),
(646),
(342),
(718),
(996),
(926),
(130),
(947),
(817),
(441),
(714),
(166),
(109),
(19),
(325),
(480),
(245),
(593),
(777),
(360),
(468),
(432),
(653),
(529),
(180),
(428),
(443),
(265),
(229),
(1000),
(470),
(934),
(196),
(136),
(266),
(507),
(605),
(232),
(579),
(558),
(104),
(921),
(254),
(310),
(537),
(676),
(423),
(522),
(796),
(5),
(733),
(19),
(402),
(989),
(546),
(588),
(26),
(442),
(341),
(652),
(630),
(124),
(557),
(923),
(847),
(892),
(202),
(666),
(871),
(544),
(273),
(200),
(17),
(653),
(628),
(97),
(736),
(422),
(227),
(345),
(382),
(332),
(616),
(824),
(796),
(165),
(696),
(471),
(972),
(172),
(1),
(886),
(410),
(759),
(484),
(636),
(541),
(712),
(309),
(129),
(651),
(225),
(937),
(560),
(891),
(48),
(645),
(527),
(533),
(211),
(977),
(525),
(357),
(196),
(395),
(429),
(424),
(452),
(969),
(215),
(851),
(367),
(827),
(133),
(879),
(740),
(906),
(902),
(729),
(749),
(818),
(551),
(166),
(585),
(859),
(550),
(288),
(433),
(487),
(876),
(131),
(266),
(353),
(891),
(955),
(520),
(824),
(542),
(876),
(97),
(589),
(900),
(898),
(885),
(428),
(942),
(292),
(112),
(375),
(35),
(22),
(375),
(923),
(777),
(971),
(795),
(445),
(772),
(828),
(132),
(874),
(468),
(269),
(824),
(592),
(486),
(292),
(871),
(976),
(411),
(410),
(726),
(332),
(773),
(112),
(148),
(839),
(819),
(94),
(291),
(564),
(81),
(34),
(509),
(582),
(824),
(87),
(572),
(553),
(429),
(739),
(505),
(316),
(85),
(416),
(495),
(41),
(955),
(939),
(366),
(919),
(612),
(203),
(99),
(591),
(534),
(568),
(767),
(786),
(99),
(428),
(804),
(227),
(286),
(8),
(113),
(687),
(317),
(620),
(217),
(451),
(895),
(825),
(27),
(556),
(271),
(326),
(19),
(197),
(955),
(809),
(234),
(172),
(18),
(680),
(232),
(239),
(941),
(234),
(452),
(226),
(215),
(384),
(860),
(918),
(32),
(587),
(94),
(855),
(461),
(225),
(631),
(58),
(727),
(222),
(290),
(867),
(203),
(689),
(332),
(786),
(154),
(831),
(477),
(446),
(533),
(398),
(180),
(179),
(644),
(215),
(845),
(795),
(516),
(246),
(286),
(377),
(378),
(46),
(922),
(704),
(904),
(674),
(32),
(76),
(832),
(412),
(88),
(270),
(264),
(25),
(874),
(141),
(367),
(355),
(643),
(84),
(363),
(324),
(289),
(71),
(3),
(616),
(581),
(916),
(835),
(655),
(576),
(345),
(680),
(18),
(912),
(481),
(955),
(173),
(126),
(775),
(592),
(490),
(477),
(597),
(591),
(496),
(817),
(891),
(506),
(808),
(470),
(620),
(821),
(57),
(437),
(879),
(513),
(808),
(439),
(549),
(306),
(724),
(392),
(531),
(392),
(24),
(283),
(155),
(862),
(547),
(415),
(261),
(624),
(16),
(823),
(810),
(303),
(299),
(490),
(694),
(987),
(408),
(602),
(947),
(417),
(320),
(362),
(394),
(320),
(894),
(357),
(630),
(236),
(80),
(823),
(988),
(69),
(286),
(843),
(4),
(549),
(702),
(505),
(135),
(353),
(466),
(38),
(815),
(473),
(965),
(772),
(981),
(388),
(430),
(880),
(995),
(296),
(802),
(461),
(311),
(999),
(72),
(761),
(328),
(316),
(310),
(38),
(736),
(998),
(36),
(231),
(850),
(825),
(914),
(873),
(664),
(662),
(876),
(719),
(424),
(945),
(577),
(356),
(166),
(709),
(429),
(994),
(910),
(616),
(506),
(258),
(11),
(353),
(328),
(914),
(128),
(89),
(502),
(885),
(366),
(860),
(856),
(126),
(293),
(932),
(847),
(387),
(499),
(508),
(379),
(234),
(312),
(484),
(218),
(30),
(479),
(35),
(602),
(694),
(715),
(85),
(511),
(16),
(97),
(397),
(339),
(300),
(473),
(983),
(304),
(27),
(101),
(935),
(576),
(965),
(425),
(533),
(738),
(805),
(215),
(924),
(650),
(692),
(413),
(503),
(308),
(482),
(272),
(383),
(5),
(37),
(207),
(90),
(484),
(942),
(409),
(444),
(422),
(582),
(411),
(864),
(823),
(11),
(844),
(901),
(531),
(867),
(871),
(301),
(873),
(784),
(304),
(53),
(790),
(905),
(166),
(249),
(877),
(582),
(916),
(271),
(285),
(936),
(73),
(343),
(129),
(715),
(386),
(493),
(620),
(42),
(890),
(326),
(15),
(954),
(68),
(905),
(97),
(458),
(378),
(271),
(313),
(777),
(147),
(557),
(446),
(558),
(211),
(910),
(878),
(724),
(446),
(102),
(425),
(321),
(847),
(850),
(655),
(301),
(997),
(105),
(494),
(199),
(448),
(595),
(385),
(506),
(416),
(290),
(812),
(54),
(946),
(544),
(573),
(328),
(134),
(157),
(374),
(582),
(818),
(428),
(479),
(323),
(826),
(180),
(527),
(170),
(171),
(33),
(745),
(55),
(421),
(427),
(888),
(931),
(520),
(200),
(834),
(906),
(969),
(370),
(265),
(162),
(485),
(348),
(972),
(875),
(93),
(41),
(810),
(361),
(129),
(745),
(130),
(715),
(891),
(965),
(188),
(806),
(734),
(506),
(616),
(161),
(560),
(83),
(208),
(126),
(193),
(902),
(203),
(716),
(672),
(650),
(73),
(594),
(993),
(894),
(605),
(369),
(878),
(894),
(688),
(762),
(126),
(232),
(464),
(321),
(380),
(97),
(290),
(924),
(879),
(924),
(376),
(60),
(1),
(134),
(290),
(869),
(807),
(696),
(396),
(479),
(374),
(680),
(288),
(126),
(999),
(486),
(17),
(963),
(213),
(781),
(796),
(856),
(2),
(133),
(32),
(505),
(605),
(610),
(490),
(12),
(370),
(125),
(691),
(220),
(271),
(148),
(49),
(689),
(340),
(730),
(842),
(345),
(926),
(891),
(889),
(301),
(439),
(978),
(569),
(642),
(751),
(442),
(342),
(765),
(454),
(788),
(642),
(135),
(317),
(468),
(261),
(33),
(346),
(228),
(341),
(381),
(535),
(273),
(268),
(320),
(758),
(470),
(129),
(684),
(842),
(675),
(761),
(373),
(503),
(714),
(901),
(677),
(699),
(19),
(594),
(113),
(577),
(56),
(106),
(387),
(68),
(482),
(26),
(15),
(708),
(95),
(686),
(259),
(37),
(285),
(907),
(159),
(624),
(798),
(360),
(277),
(488),
(154),
(545),
(338),
(155),
(989),
(435),
(119),
(522),
(265),
(775),
(243),
(836),
(929),
(100),
(402),
(53),
(136),
(728),
(863),
(894),
(876),
(733),
(113),
(461),
(942),
(686),
(113),
(233),
(174),
(922),
(687),
(666),
(798),
(128),
(562),
(385),
(903),
(978),
(52),
(534),
(685),
(648),
(514),
(597),
(113),
(680),
(581),
(835),
(71),
(542),
(560),
(426),
(947),
(157),
(871),
(311),
(483),
(4),
(699),
(308),
(65),
(684),
(159),
(93),
(351),
(895),
(204),
(82),
(815),
(468),
(326),
(748),
(848),
(484),
(336),
(229),
(763),
(993),
(542),
(458),
(443),
(232),
(240),
(953),
(857),
(814),
(717),
(20),
(284),
(502),
(919),
(171),
(261),
(322),
(415),
(701),
(146),
(803),
(894),
(117),
(291),
(427),
(185),
(490),
(711),
(196),
(799),
(72),
(311),
(236),
(264),
(588),
(960),
(925),
(402),
(479),
(98),
(853),
(896),
(361),
(79),
(182),
(23),
(167),
(984),
(103),
(246),
(840),
(117),
(946),
(798),
(443),
(904),
(97),
(939),
(339),
(15),
(695),
(628),
(291),
(305),
(832),
(972),
(82),
(530),
(134),
(442),
(836),
(330),
(417),
(406),
(935),
(982),
(691),
(823),
(481),
(855),
(873),
(978),
(887),
(425),
(849),
(1),
(853),
(583),
(942),
(244),
(821),
(309),
(863),
(411),
(435),
(707),
(888),
(105),
(947),
(398),
(818),
(864),
(132),
(680),
(163),
(202),
(6),
(873),
(939),
(553),
(504),
(421),
(241),
(721),
(632),
(775),
(619),
(282),
(40),
(961),
(860),
(292),
(113),
(819),
(379),
(53),
(636),
(569),
(946),
(745),
(293),
(106),
(890),
(240),
(174),
(699),
(279),
(541),
(975),
(646),
(666),
(422),
(584),
(167),
(570),
(380),
(202),
(663),
(16),
(415),
(653),
(129),
(272),
(827),
(235),
(940),
(563),
(951),
(412),
(607),
(311),
(350),
(543),
(937),
(324),
(673),
(761),
(844),
(57),
(614),
(370),
(451),
(195),
(749),
(917),
(715),
(950),
(325),
(123),
(641),
(369),
(348),
(773),
(537),
(701),
(740),
(383),
(980),
(399),
(325),
(425),
(730),
(845),
(984),
(52),
(887),
(216),
(482),
(724),
(761),
(676),
(362),
(526),
(19),
(191),
(600),
(808),
(361),
(465),
(396),
(896),
(306),
(953),
(15),
(206),
(415),
(404),
(900),
(674),
(775),
(168),
(922),
(716),
(480),
(534),
(537),
(763),
(550),
(57),
(321),
(883),
(91),
(2),
(242),
(227),
(745),
(829),
(82),
(78),
(127),
(16),
(375),
(327),
(162),
(539),
(370),
(261),
(615),
(54),
(495),
(704),
(614),
(626),
(919),
(941),
(504),
(338),
(348),
(161),
(323),
(641),
(635),
(189),
(449),
(389),
(726),
(213),
(827),
(627),
(217),
(287),
(72),
(119),
(434),
(96),
(598),
(697),
(508),
(101),
(326),
(749),
(12),
(183),
(617),
(929),
(832),
(119),
(585),
(491),
(188),
(48),
(631),
(257),
(558),
(704),
(767),
(236),
(509),
(271),
(745),
(218),
(267),
(377),
(640),
(936),
(959),
(271),
(844),
(43),
(777),
(936),
(541),
(136),
(863),
(877),
(670),
(748),
(121),
(117),
(598),
(588),
(554),
(311),
(432),
(842),
(110),
(300),
(904),
(755),
(626),
(16),
(240),
(297),
(732),
(495),
(293),
(743),
(303),
(227),
(787),
(804),
(341),
(166),
(416),
(34),
(94),
(389),
(931),
(195),
(886),
(843),
(128),
(963),
(496),
(348),
(511),
(396),
(929),
(503),
(134),
(521),
(566),
(232),
(443),
(458),
(523),
(763),
(136),
(545),
(406),
(195),
(108),
(418),
(306),
(640),
(107),
(896),
(490),
(628),
(660),
(835),
(343),
(332),
(414),
(635),
(641),
(768),
(607),
(308),
(961),
(482),
(30),
(870),
(730),
(849),
(163),
(66),
(74),
(141),
(780),
(369),
(108),
(166),
(501),
(201),
(1),
(683),
(406),
(31),
(810),
(749),
(225),
(887),
(649),
(862),
(552),
(187),
(776),
(826),
(129),
(666),
(341),
(289),
(72),
(630),
(421),
(763),
(387),
(65),
(86),
(376),
(204),
(552),
(496),
(615),
(352),
(301),
(577),
(126),
(711),
(170),
(593),
(491),
(621),
(37),
(972),
(671),
(362),
(951),
(777),
(490),
(912),
(159),
(679),
(184),
(526),
(902),
(210),
(706),
(440),
(886),
(272),
(743),
(786),
(676),
(295),
(821),
(646),
(51),
(385),
(270),
(745),
(226),
(499),
(435),
(664),
(178),
(488),
(844),
(50),
(293),
(859),
(178),
(421),
(730),
(712),
(863),
(66),
(666),
(895),
(852),
(314),
(925),
(591),
(444),
(625),
(417),
(752),
(450),
(659),
(692),
(965),
(436),
(46),
(616),
(403),
(469),
(202),
(711),
(80),
(312),
(959),
(697),
(433),
(890),
(859),
(470),
(323),
(360),
(613),
(344),
(8),
(652),
(142),
(123),
(543),
(797),
(91),
(455),
(642),
(96),
(632),
(957),
(196),
(926),
(999),
(772),
(839),
(397),
(697),
(170),
(731),
(855),
(940),
(411),
(879),
(342),
(854),
(473),
(600),
(291),
(133),
(723),
(535),
(852),
(564),
(477),
(912),
(703),
(668),
(212),
(650),
(68),
(124),
(540),
(332),
(421),
(433),
(736),
(866),
(631),
(533),
(506),
(523),
(919),
(281),
(97),
(674),
(171),
(924),
(356),
(872),
(840),
(641),
(807),
(569),
(570),
(667),
(699),
(438),
(326),
(166),
(877),
(280),
(541),
(135),
(549),
(941),
(569),
(951),
(8),
(654),
(150),
(8),
(957),
(790),
(776),
(12),
(184),
(898),
(893),
(842),
(131),
(537),
(936),
(326),
(319),
(812),
(422),
(33),
(397),
(128),
(563),
(589),
(133),
(929),
(240),
(918),
(848),
(514),
(639),
(443),
(403),
(308),
(741),
(117),
(332),
(461),
(954),
(749),
(715),
(12),
(74),
(470),
(908),
(533),
(687),
(945),
(684),
(59),
(417),
(507),
(496),
(63),
(815),
(780),
(551),
(883),
(347),
(162),
(337),
(695),
(519),
(854),
(51),
(465),
(942),
(704),
(834),
(526),
(283),
(295),
(405),
(860),
(50),
(689),
(396),
(874),
(25),
(791),
(160),
(327),
(477),
(142),
(31),
(820),
(562),
(631),
(324),
(689),
(899),
(660),
(323),
(835),
(900),
(195),
(43),
(118),
(691),
(689),
(908),
(611),
(549),
(193),
(821),
(263),
(967),
(21),
(644),
(863),
(530),
(728),
(83),
(958),
(8),
(173),
(684),
(349),
(539),
(387),
(427),
(541),
(633),
(764),
(313),
(262),
(908),
(537),
(659),
(817),
(925),
(597),
(501),
(397),
(768),
(34),
(438),
(249),
(377),
(314),
(712),
(393),
(558),
(736),
(107),
(582),
(331),
(692),
(658),
(658),
(107),
(400),
(100),
(217),
(283),
(364),
(571),
(464),
(976),
(25),
(831),
(643),
(48),
(746),
(409),
(877),
(201),
(367),
(471),
(31),
(313),
(840),
(37),
(630),
(412),
(393),
(830),
(136),
(375),
(924),
(661),
(487),
(821),
(334),
(971),
(716),
(898),
(429),
(93),
(598),
(143),
(285),
(871),
(138),
(823),
(389),
(166),
(325),
(771),
(360),
(283),
(217),
(549),
(306),
(51),
(357),
(837),
(158),
(624),
(329),
(659),
(691),
(860),
(801),
(879),
(139),
(542),
(671),
(742),
(257),
(720),
(768),
(515),
(680),
(503),
(294),
(716),
(614),
(227),
(150),
(163),
(556),
(329),
(340),
(490),
(875),
(205),
(647),
(535),
(570),
(796),
(324),
(343),
(907),
(610),
(593),
(34),
(615),
(337),
(992),
(664),
(708),
(620),
(477),
(289),
(441),
(494),
(575),
(905),
(280),
(950),
(502),
(666),
(172),
(391),
(290),
(122),
(675),
(603),
(163),
(72),
(84),
(433),
(120),
(834),
(564),
(455),
(545),
(418),
(49),
(908),
(396),
(664),
(371),
(847),
(413),
(773),
(584),
(282),
(139),
(390),
(86),
(929),
(996),
(397),
(602),
(400),
(912),
(95),
(913),
(394),
(969),
(173),
(651),
(875),
(796),
(773),
(457),
(518),
(683),
(424),
(908),
(989),
(850),
(246),
(971),
(665),
(65),
(159),
(429),
(464),
(505),
(566),
(254),
(905),
(454),
(904),
(473),
(258),
(287),
(668),
(636),
(931),
(337),
(809),
(912),
(561),
(535),
(803),
(605),
(469),
(32),
(853),
(377),
(550),
(780),
(898),
(164),
(307),
(39),
(634),
(112),
(502),
(285),
(168),
(57),
(523),
(387),
(99),
(199),
(610),
(442),
(134),
(481),
(755),
(122),
(716),
(704),
(908),
(746),
(93),
(498),
(760),
(338),
(185),
(8),
(651),
(389),
(549),
(592),
(778),
(635),
(281),
(778),
(877),
(138),
(412),
(317),
(326),
(44),
(467),
(375),
(474),
(530),
(953),
(477),
(414),
(823),
(284),
(641),
(630),
(490),
(968),
(521),
(436),
(101),
(279),
(339),
(627),
(595),
(671),
(441),
(266),
(457),
(261),
(18),
(816),
(598),
(41),
(925),
(939),
(688),
(52),
(246),
(749),
(402),
(160),
(406),
(367),
(145),
(889),
(810),
(800),
(424),
(426),
(452),
(339),
(386),
(564),
(853),
(853),
(775),
(413),
(563),
(41),
(894),
(683),
(167),
(136),
(709),
(194),
(105),
(552),
(814),
(267),
(941),
(683),
(803),
(275),
(107),
(844),
(817),
(47),
(676),
(402),
(938),
(526),
(375),
(942),
(74),
(694),
(599),
(146),
(613),
(943),
(229),
(499),
(271),
(971),
(551),
(365),
(68),
(78),
(418),
(421),
(146),
(91),
(33),
(973),
(215),
(234),
(211),
(263),
(862),
(243),
(174),
(854),
(506),
(16),
(157),
(406),
(391),
(939),
(11),
(681),
(311),
(904),
(970),
(369),
(7),
(803),
(537),
(987),
(588),
(12),
(256),
(411),
(468),
(234),
(245),
(975),
(375),
(723),
(298),
(860),
(283),
(301),
(84),
(9),
(694),
(811),
(498),
(250),
(460),
(512),
(929),
(331),
(30),
(869),
(83),
(735),
(241),
(85),
(724),
(145),
(687),
(427),
(138),
(975),
(456),
(80),
(12),
(721),
(404),
(19),
(603),
(237),
(804),
(534),
(126),
(384),
(788),
(549),
(863),
(476),
(394),
(129),
(258),
(401),
(928),
(421),
(755),
(983),
(5),
(736),
(388),
(163),
(874),
(110),
(274),
(34),
(931),
(484),
(901),
(380),
(205),
(297),
(800),
(426),
(600),
(599),
(25),
(270),
(308),
(427),
(875),
(709),
(784),
(174),
(316),
(109),
(585),
(626),
(80),
(923),
(119),
(759),
(925),
(291),
(986),
(207),
(990),
(112),
(663),
(994),
(514),
(459),
(803),
(307),
(135),
(712),
(782),
(372),
(497),
(606),
(91),
(694),
(939),
(168),
(167),
(972),
(751),
(281),
(780),
(377),
(168),
(643),
(446),
(480),
(210),
(824),
(272),
(404),
(668),
(271),
(674),
(371),
(382),
(788),
(326),
(151),
(120),
(244),
(696),
(397),
(489),
(519),
(492),
(644),
(79),
(1),
(784),
(35),
(138),
(221),
(670),
(881),
(70),
(167),
(886),
(519),
(442),
(98),
(939),
(712),
(196),
(993),
(958),
(977),
(168),
(835),
(771),
(106),
(526),
(545),
(120),
(200),
(339),
(396),
(753),
(650),
(487),
(939),
(101),
(374),
(867),
(163),
(122),
(240),
(477),
(806),
(12),
(702),
(63),
(455),
(401),
(301),
(87),
(564),
(363),
(8),
(492),
(192),
(418),
(865),
(684),
(141),
(736),
(642),
(697),
(471),
(56),
(687),
(494),
(355),
(1),
(959),
(428),
(538),
(238),
(989),
(131),
(457),
(480),
(542),
(909),
(151),
(427),
(967),
(873),
(3),
(534),
(21),
(961),
(584),
(291),
(502),
(883),
(15),
(178),
(488),
(701),
(302),
(458),
(953),
(366),
(748),
(175),
(451),
(951),
(189),
(46),
(803),
(960),
(831),
(953),
(98),
(203),
(403),
(579),
(665),
(150),
(273),
(324),
(120),
(449),
(397),
(72),
(678),
(63),
(93),
(225),
(613),
(184),
(624),
(692),
(38),
(178),
(53),
(472),
(972),
(266),
(547),
(387),
(297),
(38),
(777),
(791),
(901),
(373),
(876),
(385),
(539),
(236),
(357),
(993),
(402),
(110),
(703),
(134),
(41),
(27),
(526),
(604),
(317),
(968),
(378),
(588),
(627),
(829),
(805),
(472),
(295),
(680),
(58),
(928),
(429),
(572),
(268),
(33),
(651),
(15),
(804),
(530),
(209),
(795),
(129),
(925),
(570),
(253),
(321),
(966),
(321),
(241),
(230),
(4),
(502),
(927),
(229),
(862),
(183),
(470),
(772),
(478),
(82),
(125),
(942),
(185),
(979),
(209),
(147),
(307),
(145),
(104),
(227),
(996),
(971),
(967),
(840),
(542),
(901),
(796),
(488),
(528),
(636),
(147),
(655),
(550),
(475),
(411),
(504),
(857),
(805),
(940),
(557),
(678),
(240),
(643),
(966),
(488),
(356),
(210),
(74),
(377),
(607),
(904),
(505),
(273),
(491),
(228),
(122),
(499),
(836),
(641),
(992),
(932),
(113),
(879),
(429),
(348),
(843),
(363),
(727),
(691),
(954),
(107),
(652),
(541),
(954),
(835),
(772),
(424),
(724),
(620),
(975),
(354),
(612),
(698),
(183),
(614),
(268),
(169),
(429),
(425),
(430),
(804),
(10),
(989),
(743),
(803),
(341),
(977),
(7),
(267),
(37),
(876),
(381),
(573),
(53),
(346),
(599),
(713),
(969),
(310),
(390),
(47),
(372),
(271),
(813),
(38),
(158),
(974),
(409),
(796),
(28),
(590),
(379),
(954),
(578),
(678),
(412),
(380),
(941),
(968),
(675),
(587),
(636),
(119),
(256),
(940),
(429),
(988),
(849),
(736),
(693),
(396),
(255),
(929),
(431),
(887),
(460),
(119),
(303),
(560),
(241),
(566),
(877),
(967),
(337),
(768),
(469),
(903),
(19),
(410),
(649),
(614),
(761),
(239),
(714),
(690),
(805),
(989),
(590),
(665),
(535),
(327),
(481),
(244),
(114),
(829),
(736),
(798),
(258),
(207),
(197),
(834),
(952),
(414),
(505),
(174),
(907),
(612),
(617),
(379),
(570),
(261),
(162),
(26),
(971),
(725),
(19),
(862),
(162),
(742),
(121),
(748),
(937),
(543),
(238),
(589),
(548),
(185),
(328),
(661),
(739),
(424),
(998),
(659),
(272),
(917),
(573),
(548),
(321),
(170),
(394),
(344),
(101),
(620),
(49),
(826),
(463),
(186),
(967),
(108),
(228),
(435),
(1),
(556),
(507),
(405),
(228),
(46),
(335),
(285),
(984),
(825),
(684),
(126),
(4),
(876),
(977),
(258),
(216),
(667),
(701),
(270),
(603),
(546),
(100),
(32),
(867),
(839),
(701),
(907),
(366),
(97),
(104),
(329),
(156),
(817),
(917),
(900),
(60),
(962),
(104),
(738),
(859),
(396),
(491),
(78),
(862),
(466),
(464),
(837),
(208),
(427),
(468),
(362),
(670),
(646),
(587),
(80),
(806),
(364),
(304),
(263),
(960),
(768),
(183),
(941),
(108),
(666),
(989),
(857),
(329),
(313),
(820),
(419),
(203),
(605),
(644),
(446),
(918),
(700),
(740),
(689),
(646),
(929),
(939),
(133),
(890),
(916),
(847),
(353),
(855),
(676),
(945),
(517),
(663),
(169),
(873),
(353),
(408),
(974),
(440),
(801),
(660),
(344),
(116),
(303),
(508),
(949),
(158),
(413),
(192),
(273),
(133),
(853),
(270),
(87),
(964),
(568),
(891),
(301),
(842),
(349),
(879),
(779),
(425),
(396),
(582),
(650),
(63),
(87),
(944),
(536),
(73),
(476),
(601),
(424),
(999),
(118),
(244),
(566),
(818),
(940),
(869),
(989),
(412),
(968),
(340),
(412),
(535),
(360),
(603),
(759),
(999),
(418),
(260),
(119),
(702),
(659),
(471),
(796),
(26),
(236),
(185),
(106),
(212),
(288),
(420),
(520),
(869),
(75),
(725),
(867),
(290),
(175),
(47),
(806),
(560),
(81),
(878),
(668),
(264),
(420),
(533),
(642),
(530),
(666),
(347),
(17),
(338),
(167),
(594),
(629),
(485),
(135),
(83),
(632),
(284),
(360),
(773),
(242),
(614),
(307),
(322),
(744),
(784),
(943),
(433),
(660),
(916),
(573),
(444),
(995),
(272),
(384),
(457),
(954),
(743),
(924),
(617),
(483),
(148),
(690),
(167),
(727),
(977),
(663),
(250),
(482),
(688),
(913),
(157),
(15),
(43),
(695),
(818),
(990),
(148),
(485),
(351),
(822),
(759),
(630),
(360),
(627),
(684),
(394),
(934),
(530),
(40),
(113),
(395),
(51),
(98),
(974),
(579),
(854),
(29),
(448),
(503),
(841),
(483),
(143),
(919),
(999),
(337),
(673),
(970),
(231),
(662),
(821),
(227),
(86),
(146),
(520),
(765),
(834),
(91),
(46),
(785),
(304),
(354),
(125),
(227),
(990),
(154),
(876),
(332),
(499),
(505),
(431),
(811),
(748),
(677),
(638),
(7),
(793),
(188),
(588),
(436),
(609),
(649),
(232),
(755),
(602),
(697),
(989),
(398),
(371),
(314),
(377),
(454),
(955),
(289),
(827),
(410),
(417),
(859),
(621),
(787),
(388),
(988),
(941),
(874),
(268),
(272),
(466),
(114),
(704),
(818),
(91),
(868),
(898),
(725),
(396),
(645),
(474),
(959),
(413),
(193),
(22),
(410),
(88),
(46),
(366),
(699),
(400),
(232),
(634),
(898),
(12),
(31),
(681),
(624),
(461),
(409),
(536),
(374),
(481),
(698),
(59),
(914),
(996),
(548),
(891),
(143),
(472),
(26),
(398),
(965),
(826),
(990),
(926),
(143),
(180),
(530),
(185),
(486),
(363),
(159),
(947),
(544),
(749),
(200),
(142),
(62),
(122),
(159),
(702),
(77),
(976),
(938),
(360),
(620),
(791),
(260),
(365),
(160),
(717),
(627),
(780),
(351),
(35),
(844),
(481),
(180),
(828),
(458),
(916),
(917),
(614),
(483),
(522),
(867),
(368),
(393),
(752),
(465),
(40),
(442),
(2),
(791),
(264),
(254),
(445),
(707),
(404),
(345),
(920),
(425),
(830),
(366),
(291),
(430),
(476),
(922),
(27),
(791),
(864),
(927),
(418),
(35),
(507),
(232),
(393),
(116),
(446),
(947),
(152),
(263),
(12),
(850),
(527),
(8),
(220),
(548),
(780),
(528),
(366),
(425),
(919),
(130),
(221),
(304),
(236),
(749),
(892),
(679),
(380),
(95),
(246),
(487),
(148),
(361),
(846),
(592),
(989),
(89),
(972),
(135),
(146),
(562),
(649),
(88),
(891),
(375),
(571),
(140),
(654),
(65),
(960),
(637),
(200),
(310),
(67),
(634),
(533),
(552),
(3),
(859),
(87),
(924),
(835),
(928),
(966),
(929),
(275),
(107),
(791),
(800),
(11),
(208),
(395),
(680),
(880),
(22),
(244),
(28),
(227),
(45),
(581),
(493),
(209),
(11),
(804),
(657),
(306),
(467),
(931),
(506),
(182),
(953),
(494),
(216),
(988),
(585),
(974),
(371),
(284),
(551),
(112),
(631),
(160),
(800),
(570),
(276),
(451),
(618),
(798),
(262),
(634),
(293),
(937),
(38),
(625),
(946),
(528),
(297),
(4),
(709),
(666),
(882),
(412),
(364),
(954),
(205),
(228),
(513),
(838),
(45),
(301),
(695),
(961),
(280),
(564),
(443),
(783),
(788),
(396),
(60),
(749),
(641),
(589),
(4),
(892),
(380),
(996),
(438),
(620),
(123),
(741),
(135),
(291),
(611),
(137),
(4),
(512),
(237),
(209),
(101),
(596),
(11),
(514),
(387),
(742),
(671),
(94),
(815),
(80),
(352),
(600),
(761),
(894),
(875),
(279),
(811),
(721),
(502),
(691),
(126),
(825),
(275),
(156),
(730),
(471),
(312),
(183),
(803),
(709),
(588),
(999),
(7),
(261),
(295),
(555),
(746),
(492),
(302),
(871),
(700),
(430),
(559),
(369),
(19),
(84),
(875),
(412),
(932),
(860),
(395),
(544),
(519),
(51),
(569),
(943),
(389),
(861),
(230),
(366),
(575),
(764),
(224),
(582),
(425),
(826),
(318),
(232),
(503),
(340),
(482),
(771),
(648),
(900),
(663),
(88),
(999),
(983),
(981),
(468),
(154),
(420),
(981),
(92),
(918),
(937),
(84),
(519),
(859),
(106),
(167),
(684),
(80),
(863),
(315),
(305),
(156),
(919),
(862),
(875),
(450),
(79),
(658),
(825),
(337),
(819),
(926),
(108),
(32),
(99),
(223),
(596),
(1000),
(671),
(760),
(1),
(654),
(992),
(246),
(70),
(3),
(866),
(955),
(300),
(438),
(634),
(210),
(406),
(784),
(696),
(848),
(760),
(244),
(689),
(855),
(575),
(734),
(358),
(982),
(725),
(951),
(221),
(494),
(988),
(772),
(634),
(432),
(114),
(654),
(527),
(114),
(288),
(607),
(489),
(671),
(729),
(993),
(703),
(364),
(38),
(971),
(440),
(744),
(274),
(520),
(929),
(350),
(983),
(960),
(639),
(510),
(570),
(239),
(168),
(482),
(82),
(289),
(627),
(528),
(563),
(27),
(791),
(995),
(487),
(593),
(954),
(781),
(580),
(674),
(123),
(683),
(874),
(920),
(840),
(929),
(642),
(620),
(210),
(158),
(726),
(402),
(768),
(49),
(168),
(767),
(143),
(602),
(877),
(304),
(36),
(141),
(273),
(598),
(955),
(912),
(48),
(8),
(622),
(324),
(594),
(136),
(247),
(347),
(694),
(263),
(933),
(432),
(798),
(19),
(291),
(964),
(38),
(918),
(636),
(439),
(905),
(116),
(25),
(937),
(424),
(779),
(946),
(86),
(995),
(11),
(496),
(377),
(685),
(583),
(54),
(536),
(680),
(493),
(682),
(825),
(723),
(976),
(962),
(370),
(818),
(439),
(765),
(378),
(986),
(199),
(600),
(460),
(405),
(650),
(909),
(72),
(616),
(505),
(28),
(257),
(32),
(939),
(230),
(689),
(999),
(466),
(619),
(560),
(867),
(978),
(55),
(261),
(421),
(281),
(339),
(923),
(916),
(576),
(329),
(468),
(363),
(703),
(692),
(777),
(172),
(332),
(563),
(460),
(174),
(397),
(215),
(99),
(945),
(798),
(965),
(492),
(343),
(891),
(50),
(426),
(739),
(631),
(98),
(95),
(392),
(125),
(415),
(411),
(47),
(610),
(702),
(533),
(533),
(948),
(827),
(196),
(361),
(306),
(162),
(325),
(740),
(116),
(354),
(114),
(506),
(429),
(232),
(93),
(316),
(114),
(578),
(845),
(931),
(635),
(778),
(135),
(589),
(6),
(938),
(793),
(500),
(929),
(855),
(697),
(393),
(670),
(279),
(505),
(288),
(9),
(124),
(905),
(398),
(22),
(292),
(803),
(18),
(545),
(558),
(748),
(437),
(85),
(43),
(755),
(683),
(162),
(44),
(34),
(361),
(100),
(428),
(700),
(201),
(480),
(843),
(83),
(248),
(811),
(983),
(464),
(133),
(682),
(447),
(882),
(21),
(109),
(959),
(929),
(875),
(550),
(6),
(887),
(19),
(307),
(41),
(684),
(867),
(175),
(232),
(942),
(938),
(312),
(568),
(383),
(394),
(612),
(162),
(506),
(246),
(606),
(633),
(107),
(648),
(426),
(501),
(919),
(627),
(128),
(269),
(548),
(931),
(693),
(864),
(285),
(502),
(126),
(912),
(931),
(40),
(363),
(338),
(549),
(564),
(359),
(867),
(768),
(699),
(700),
(241),
(792),
(566),
(668),
(190),
(813),
(185),
(281),
(630),
(655),
(440),
(57),
(688),
(547),
(42),
(368),
(506),
(88),
(850),
(117),
(936),
(323),
(560),
(393),
(831),
(272),
(137),
(272),
(317),
(682),
(99),
(961),
(98),
(542),
(701),
(745),
(133),
(514),
(872),
(275),
(479),
(714),
(748),
(325),
(8),
(150),
(603),
(810),
(558),
(854),
(90),
(300),
(863),
(699),
(895),
(793),
(955),
(105),
(473),
(491),
(786),
(530),
(627),
(55),
(724),
(968),
(894),
(368),
(526),
(409),
(832),
(348),
(175),
(471),
(955),
(813),
(571),
(936),
(607),
(739),
(280),
(56),
(834),
(476),
(153),
(487),
(788),
(496),
(231),
(105),
(907),
(951),
(154),
(439),
(226),
(40),
(468),
(686),
(333),
(996),
(220),
(341),
(719),
(335),
(831),
(372),
(755),
(130),
(116),
(907),
(343),
(153),
(292),
(730),
(110),
(803),
(542),
(575),
(61),
(78),
(451),
(986),
(208),
(444),
(177),
(627),
(285),
(318),
(955),
(747),
(57),
(476),
(722),
(560),
(213),
(339),
(959),
(522),
(129),
(417),
(359),
(616),
(548),
(904),
(169),
(572),
(316),
(103),
(898),
(11),
(919),
(733),
(68),
(815),
(601),
(557),
(715),
(129),
(1),
(628),
(611),
(856),
(586),
(671),
(598),
(448),
(487),
(133),
(297),
(181),
(205),
(459),
(574),
(421),
(616),
(633),
(714),
(890),
(205),
(694),
(574),
(610),
(980),
(73),
(456),
(320),
(570),
(546),
(914),
(95),
(993),
(412),
(162),
(788),
(312),
(947),
(534),
(701),
(743),
(662),
(972),
(630),
(513),
(395),
(875),
(631),
(309),
(429),
(326),
(212),
(373),
(370),
(148),
(491),
(575),
(544),
(216),
(456),
(61),
(731),
(39),
(258),
(187),
(999),
(566),
(424),
(808),
(328),
(156),
(901),
(829),
(725),
(633),
(208),
(332),
(88),
(854),
(175),
(342),
(51),
(124),
(202),
(655),
(229),
(499),
(305),
(157),
(906),
(500),
(216),
(125),
(166),
(966),
(264),
(36),
(623),
(545),
(451),
(271),
(873),
(790),
(607),
(821),
(46),
(848),
(206),
(845),
(383),
(201),
(633),
(614),
(385),
(51),
(746),
(391),
(916),
(102),
(301),
(220),
(575),
(856),
(163),
(107),
(490),
(196),
(428),
(240),
(687),
(81),
(211),
(864),
(734),
(940),
(153),
(203),
(468),
(81),
(318),
(757),
(862),
(215),
(812),
(33),
(561),
(667),
(796),
(356),
(760),
(279),
(523),
(616),
(266),
(862),
(883),
(662),
(218),
(813),
(224),
(122),
(855),
(934),
(862),
(511),
(277),
(46),
(954),
(157),
(225),
(900),
(281),
(410),
(317),
(294),
(939),
(140),
(724),
(353),
(143),
(343),
(570),
(824),
(805),
(864),
(874),
(734),
(35),
(231),
(172),
(637),
(611),
(947),
(906),
(404),
(210),
(179),
(294),
(299),
(937),
(922),
(640),
(839),
(175),
(869),
(443),
(433),
(712),
(765),
(860),
(86),
(363),
(410),
(150),
(448),
(525),
(977),
(138),
(671),
(117),
(445),
(904),
(218),
(928),
(446),
(973),
(138),
(190),
(845),
(47),
(779),
(615),
(11),
(33),
(709),
(947),
(506),
(165),
(327),
(124),
(353),
(362),
(65),
(402),
(231),
(670),
(697),
(483),
(319),
(438),
(4),
(905),
(130),
(821),
(285),
(704),
(545),
(369),
(666),
(456),
(323),
(110),
(907),
(452),
(671),
(539),
(492),
(151),
(704),
(205),
(717),
(954),
(428),
(671),
(797),
(6),
(438),
(419),
(884),
(988),
(59),
(916),
(150),
(75),
(960),
(6),
(395),
(2),
(256),
(549),
(264),
(880),
(310),
(499),
(133),
(691),
(625),
(35),
(384),
(769),
(610),
(744),
(556),
(674),
(438),
(56),
(475),
(679),
(832),
(979),
(983),
(674),
(323),
(657),
(909),
(610),
(79),
(164),
(500),
(3),
(265),
(31),
(60),
(444),
(886),
(860),
(701),
(12),
(651),
(747),
(308),
(922),
(353),
(791),
(438),
(444),
(731),
(489),
(486),
(342),
(210),
(123),
(977),
(516),
(912),
(955),
(61),
(283),
(275),
(168),
(278),
(127),
(71),
(795),
(62),
(246),
(117),
(127),
(295),
(587),
(786),
(836),
(533),
(404),
(663),
(370),
(443),
(427),
(4),
(91),
(153),
(180),
(4),
(432),
(593),
(64),
(256),
(819),
(206),
(938),
(203),
(254),
(203),
(223),
(405),
(361),
(441),
(34),
(240),
(293),
(46),
(317),
(45),
(479),
(632),
(156),
(552),
(255),
(687),
(458),
(54),
(72),
(243),
(943),
(975),
(508),
(378),
(367),
(78),
(715),
(871),
(222),
(397),
(45),
(681),
(329),
(27),
(216),
(441),
(876),
(972),
(738),
(793),
(406),
(640),
(675),
(703),
(143),
(311),
(912),
(65),
(340),
(941),
(816),
(453),
(365),
(982),
(796),
(1),
(500),
(488),
(863),
(369),
(236),
(237),
(897),
(326),
(588),
(548),
(971),
(907),
(723),
(893),
(86),
(837),
(328),
(539),
(967),
(124),
(978),
(545),
(265),
(61),
(110),
(858),
(366),
(681),
(936),
(306),
(122),
(896),
(528),
(412),
(981),
(166),
(230),
(983),
(323),
(517),
(353),
(318),
(349),
(542),
(227),
(913),
(770),
(401),
(663),
(686),
(281),
(519),
(30),
(311),
(7),
(558),
(164),
(126),
(33),
(427),
(106),
(397),
(292),
(852),
(342),
(84),
(729),
(683),
(81),
(529),
(93),
(831),
(101),
(841),
(288),
(158),
(469),
(547),
(159),
(984),
(990),
(713),
(343),
(145),
(746),
(875),
(997),
(596),
(442),
(573),
(225),
(134),
(100),
(225),
(809),
(161),
(638),
(638),
(877),
(730),
(864),
(410),
(267),
(437),
(978),
(435),
(974),
(637),
(132),
(936),
(227),
(53),
(821),
(439),
(537),
(121),
(473),
(265),
(585),
(266),
(939),
(508),
(183),
(211),
(593),
(592),
(131),
(366),
(281),
(533),
(136),
(933),
(686),
(924),
(941),
(861),
(499),
(848),
(932),
(968),
(402),
(644),
(173),
(486),
(149),
(223),
(203),
(562),
(223),
(588),
(461),
(258),
(640),
(707),
(517),
(808),
(283),
(522),
(434),
(632),
(341),
(481),
(866),
(999),
(417),
(46),
(40),
(646),
(791),
(132),
(442),
(582),
(185),
(436),
(715),
(988),
(328),
(21),
(203),
(446),
(961),
(262),
(391),
(839),
(307),
(812),
(751),
(827),
(157),
(679),
(999),
(368),
(197),
(798),
(499),
(247),
(426),
(923),
(961),
(836),
(131),
(92),
(906),
(525),
(273),
(851),
(291),
(143),
(85),
(668),
(500),
(588),
(672),
(427),
(552),
(784),
(457),
(855),
(793),
(144),
(879),
(703),
(976),
(215),
(210),
(130),
(344),
(312),
(218),
(543),
(363),
(792),
(405),
(184),
(712),
(817),
(311),
(503),
(625),
(87),
(292),
(290),
(248),
(97),
(507),
(519),
(422),
(548),
(350),
(86),
(188),
(29),
(587),
(638),
(552),
(140),
(681),
(159),
(878),
(397),
(760),
(409),
(588),
(594),
(274),
(364),
(710),
(159),
(123),
(615),
(983),
(47),
(75),
(874),
(157),
(517),
(255),
(47),
(599),
(798),
(481),
(604),
(537),
(335),
(291),
(514),
(261),
(379),
(288),
(742),
(353),
(428),
(491),
(602),
(215),
(685),
(347),
(26),
(745),
(634),
(358),
(877),
(260),
(821),
(35),
(925),
(706),
(111),
(803),
(921),
(478),
(605),
(304),
(540),
(487),
(610),
(572),
(270),
(308),
(993),
(863),
(122),
(552),
(305),
(675),
(47),
(212),
(168),
(839),
(131),
(87),
(15),
(407),
(992),
(374),
(304),
(557),
(80),
(332),
(213),
(113),
(3),
(651),
(111),
(472),
(491),
(743),
(46),
(17),
(454),
(416),
(869),
(924),
(369),
(683),
(168),
(988),
(577),
(775),
(778),
(88),
(887),
(444),
(484),
(807),
(202),
(397),
(646),
(410),
(775),
(200),
(806),
(490),
(306),
(459),
(652),
(992),
(285),
(90),
(234),
(372),
(50),
(419),
(45),
(993),
(913),
(71),
(664),
(651),
(901),
(22),
(490),
(160),
(796),
(754),
(961),
(82),
(317),
(864),
(360),
(916),
(113),
(375),
(791),
(499),
(30),
(134),
(872),
(544),
(669),
(862),
(521),
(804),
(952),
(628),
(716),
(844),
(609),
(217),
(809),
(678),
(730),
(746),
(773),
(980),
(873),
(166),
(669),
(422),
(680),
(408),
(423),
(361),
(736),
(872),
(777),
(97),
(595),
(426),
(98),
(291),
(913),
(4),
(941),
(456),
(462),
(80),
(384),
(802),
(975),
(812),
(723),
(95),
(823),
(209),
(760),
(242),
(52),
(343),
(950),
(960),
(579),
(624),
(18),
(368),
(498),
(17),
(226),
(18),
(681),
(593),
(296),
(481),
(26),
(681),
(595),
(468),
(628),
(672),
(598),
(3),
(975),
(593),
(65),
(563),
(394),
(596),
(911),
(445),
(804),
(556),
(404),
(321),
(73),
(325),
(890),
(41),
(869),
(689),
(30),
(175),
(143),
(252),
(276),
(264),
(425),
(926),
(838),
(211),
(46),
(791),
(377),
(914),
(597),
(356),
(205),
(353),
(156),
(733),
(726),
(414),
(59),
(464),
(287),
(215),
(544),
(360),
(671),
(217),
(853),
(297),
(823),
(116),
(272),
(560),
(488),
(350),
(107),
(631),
(994),
(275),
(850),
(930),
(86),
(151),
(317),
(493),
(329),
(442),
(364),
(514),
(682),
(121),
(272),
(945),
(145),
(301),
(887),
(167),
(558),
(862),
(831),
(187),
(994),
(547),
(287),
(890),
(959),
(251),
(982),
(62),
(423),
(703),
(51),
(478),
(364),
(626),
(361),
(670),
(29),
(761),
(928),
(314),
(738),
(326),
(199),
(73),
(487),
(414),
(953),
(904),
(566),
(613),
(93),
(640),
(638),
(918),
(651),
(765),
(440),
(280),
(170),
(172),
(810),
(236),
(260),
(610),
(951),
(784),
(749),
(501),
(639),
(168),
(262),
(251),
(40),
(619),
(34),
(102),
(859),
(307),
(549),
(664),
(550),
(294),
(125),
(640),
(364),
(132),
(910),
(46),
(565),
(972),
(26),
(32),
(718),
(591),
(53),
(232),
(121),
(316),
(969),
(665),
(89),
(919),
(706),
(263),
(995),
(172),
(33),
(248),
(585),
(380),
(714),
(813),
(279),
(528),
(107),
(664),
(94),
(67),
(375),
(603),
(184),
(932),
(396),
(337),
(927),
(567),
(654),
(238),
(514),
(313),
(416),
(8),
(713),
(759),
(470),
(99),
(663),
(25),
(440),
(12),
(784),
(136),
(716),
(123),
(226),
(217),
(918),
(493),
(109),
(433),
(488),
(405),
(405),
(549),
(747),
(628),
(312),
(662),
(538),
(209),
(974),
(173),
(914),
(500),
(975),
(547),
(572),
(941),
(949),
(922),
(1000),
(827),
(458),
(448),
(455),
(11),
(633),
(983),
(174),
(898),
(242),
(292),
(919),
(551),
(976),
(915),
(704),
(505),
(562),
(862),
(626),
(9),
(78),
(30),
(228),
(473),
(291),
(793),
(674),
(886),
(202),
(896),
(793),
(375),
(224),
(53),
(173),
(887),
(38),
(350),
(867),
(557),
(785),
(642),
(677),
(390),
(212),
(965),
(63),
(457),
(939),
(180),
(686),
(199),
(577),
(259),
(140),
(436),
(892),
(702),
(539),
(846),
(569),
(904),
(812),
(439),
(640),
(25),
(71),
(312),
(81),
(883),
(508),
(135),
(69),
(268),
(591),
(998),
(746),
(110),
(906),
(332),
(622),
(476),
(856),
(919),
(35),
(262),
(610),
(301),
(422),
(729),
(199),
(150),
(862),
(887),
(383),
(704),
(879),
(432),
(34),
(436),
(228),
(695),
(140),
(34),
(687),
(324),
(821),
(924),
(573),
(310),
(234),
(787),
(856),
(379),
(902),
(996),
(18),
(950),
(575),
(477),
(123),
(90),
(414),
(105),
(409),
(68),
(6),
(681),
(162),
(154),
(173),
(98),
(397),
(158),
(768),
(865),
(780),
(971),
(616),
(304),
(812),
(879),
(137),
(166),
(85),
(84),
(668),
(890),
(861),
(173),
(286),
(756),
(236),
(73),
(871),
(692),
(587),
(389),
(183),
(363),
(81),
(755),
(281),
(646),
(215),
(876),
(128),
(385),
(444),
(187),
(195),
(900),
(575),
(229),
(470),
(527),
(900),
(17),
(724),
(412),
(689),
(203),
(700),
(502),
(54),
(686),
(697),
(649),
(993),
(570),
(37),
(28),
(943),
(619),
(396),
(299),
(332),
(375),
(547),
(150),
(228),
(123),
(759),
(494),
(249),
(631),
(579),
(532),
(743),
(964),
(339),
(293),
(255),
(22),
(628),
(255),
(273),
(88),
(647),
(965),
(275),
(766),
(506),
(668),
(129),
(863),
(464),
(962),
(575),
(849),
(122),
(491),
(582),
(918),
(470),
(219),
(10),
(279),
(166),
(42),
(723),
(571),
(588),
(32),
(389),
(527),
(887),
(368),
(582),
(635),
(788),
(899),
(101),
(265),
(122),
(762),
(808),
(947),
(989),
(185),
(995),
(295),
(104),
(234),
(745),
(3),
(347),
(507),
(125),
(738),
(47),
(962),
(945),
(47),
(874),
(398),
(989),
(254),
(222),
(759),
(697),
(907),
(403),
(159),
(16),
(914),
(491),
(114),
(236),
(909),
(590),
(469),
(991),
(141),
(51),
(620),
(469),
(580),
(557),
(162),
(535),
(860),
(772),
(530),
(52),
(369),
(498),
(197),
(310),
(383),
(844),
(850),
(641),
(481),
(803),
(589),
(601),
(491),
(438),
(825),
(767),
(859),
(102),
(397),
(602),
(634),
(514),
(614),
(487),
(806),
(981),
(290),
(424),
(965),
(91),
(428),
(251),
(496),
(124),
(664),
(159),
(909),
(589),
(289),
(668),
(150),
(900),
(5),
(826),
(655),
(896),
(360),
(411),
(82),
(808),
(666),
(425),
(647),
(980),
(150),
(367),
(854),
(398),
(663),
(632),
(978),
(172),
(967),
(789),
(411),
(666),
(820),
(16),
(940),
(765),
(112),
(394),
(78),
(505),
(482),
(29),
(994),
(684),
(936),
(501),
(720),
(916),
(654),
(647),
(187),
(339),
(118),
(808),
(907),
(605),
(420),
(938),
(827),
(231),
(867),
(228),
(104),
(625),
(357),
(353),
(834),
(966),
(304),
(33),
(549),
(926),
(240),
(401),
(642),
(261),
(942),
(853),
(953),
(786),
(425),
(611),
(954),
(517),
(874),
(261),
(974),
(567),
(47),
(461),
(342),
(661),
(770),
(405),
(388),
(395),
(358),
(612),
(198),
(429),
(593),
(654),
(325),
(181),
(73),
(89),
(926),
(426),
(206),
(529),
(667),
(768),
(331),
(335),
(704),
(825),
(347),
(130),
(18),
(682),
(818),
(784),
(344),
(396),
(456),
(541),
(158),
(72),
(180),
(319),
(28),
(601),
(641),
(901),
(883),
(331),
(251),
(586),
(195),
(3),
(25),
(879),
(952),
(684),
(940),
(271),
(614),
(815),
(485),
(383),
(32),
(526),
(221),
(855),
(444),
(575),
(128),
(845),
(16),
(401),
(627),
(774),
(45),
(482),
(413),
(87),
(478),
(201),
(873),
(989),
(612),
(681),
(241),
(252),
(119),
(98),
(480),
(93),
(556),
(827),
(101),
(871),
(130),
(787),
(568),
(266),
(838),
(612),
(520),
(414),
(328),
(861),
(837),
(977),
(675),
(159),
(564),
(965),
(178),
(694),
(832),
(564),
(68),
(167),
(683),
(41),
(735),
(457),
(152),
(1),
(796),
(905),
(624),
(610),
(560),
(767),
(786),
(41),
(566),
(712),
(429),
(748),
(390),
(343),
(582),
(184),
(8),
(813),
(143),
(364),
(498),
(387),
(669),
(995),
(735),
(177),
(720),
(928),
(307),
(330),
(471),
(402),
(703),
(375),
(514),
(953),
(684),
(983),
(946),
(581),
(518),
(743),
(483),
(262),
(934),
(263),
(634),
(220),
(273),
(216),
(199),
(943),
(473),
(891),
(418),
(211),
(924),
(947),
(476),
(567),
(707),
(947),
(818),
(350),
(296),
(558),
(494),
(461),
(721),
(644),
(779),
(355),
(117),
(873),
(484),
(724),
(172),
(726),
(660),
(470),
(953),
(840),
(49),
(858),
(387),
(840),
(596),
(12),
(775),
(692),
(246),
(51),
(949),
(185),
(791),
(149),
(217),
(969),
(83),
(298),
(99),
(852),
(877),
(765),
(995),
(900),
(483),
(467),
(203),
(673),
(818),
(51),
(978),
(818),
(294),
(495),
(835),
(501),
(249),
(132),
(9),
(830),
(279),
(370),
(787),
(491),
(606),
(844),
(202),
(923),
(431),
(511),
(976),
(144),
(426),
(960),
(791),
(375),
(625),
(977),
(877),
(97),
(957),
(4),
(466),
(830),
(697),
(258),
(240),
(38),
(564),
(18),
(966),
(467),
(832),
(178),
(217),
(315),
(300),
(390),
(575),
(739),
(917),
(134),
(716),
(836),
(660),
(498),
(562),
(221),
(803),
(818),
(566),
(876),
(931),
(236),
(839),
(609),
(261),
(655),
(538),
(844),
(998),
(941),
(770),
(465),
(675),
(266),
(564),
(842),
(767),
(80),
(388),
(11),
(413),
(250),
(566),
(238),
(701),
(478),
(795),
(27),
(874),
(491),
(632),
(52),
(525),
(23),
(978),
(676),
(340),
(987),
(363),
(188),
(479),
(659),
(951),
(82),
(900),
(173),
(415),
(289),
(164),
(488),
(174),
(772),
(159),
(170),
(359),
(491),
(204),
(451),
(212),
(625),
(519),
(484),
(818),
(452),
(743),
(535),
(273),
(18),
(542),
(611),
(631),
(824),
(348),
(424),
(701),
(308),
(680),
(943),
(575),
(683),
(942),
(347),
(582),
(786),
(724),
(546),
(863),
(771),
(646),
(695),
(167),
(208),
(954),
(558),
(574),
(965),
(112),
(74),
(619),
(108),
(826),
(166),
(408),
(378),
(768),
(707),
(874),
(945),
(550),
(598),
(709),
(246),
(503),
(476),
(608),
(671),
(238),
(280),
(473),
(886),
(642),
(968),
(603),
(42),
(119),
(773),
(590),
(764),
(512),
(168),
(955),
(203),
(676),
(118),
(329),
(798),
(767),
(246),
(37),
(610),
(525),
(198),
(569),
(729),
(292),
(596),
(123),
(685),
(569),
(979),
(634),
(165),
(971),
(936),
(630),
(452),
(853),
(356),
(158),
(740),
(904),
(745),
(616),
(364),
(82),
(751),
(366),
(903),
(671),
(750),
(557),
(593),
(890),
(51),
(564),
(684),
(804),
(198),
(187),
(503),
(699),
(548),
(311),
(364),
(500),
(210),
(383),
(736),
(300),
(117),
(196),
(380),
(391),
(864),
(324),
(627),
(926),
(47),
(779),
(863),
(537),
(744),
(860),
(236),
(481),
(427),
(242),
(714),
(889),
(241),
(279),
(526),
(968),
(600),
(671),
(269),
(619),
(939),
(933),
(31),
(788),
(528),
(631),
(367),
(234),
(16),
(66),
(803),
(518),
(484),
(317),
(4),
(460),
(647),
(108),
(658),
(546),
(943),
(767),
(228),
(371),
(280),
(61),
(489),
(897),
(192),
(624),
(400),
(793),
(643),
(616),
(227),
(684),
(602),
(698),
(746),
(546),
(216),
(260),
(745),
(91),
(590),
(273),
(651),
(679),
(670),
(769),
(515),
(242),
(425),
(389),
(307),
(270),
(975),
(886),
(273),
(671),
(192),
(714),
(778),
(288),
(981),
(508),
(440),
(729),
(426),
(89),
(458),
(824),
(8),
(481),
(140),
(596),
(728),
(356),
(620),
(37),
(305),
(891),
(424),
(845),
(162),
(789),
(868),
(690),
(520),
(745),
(185),
(333),
(7),
(607),
(25),
(999),
(470),
(52),
(350),
(883),
(919),
(77),
(704),
(730),
(999),
(861),
(25),
(800),
(495),
(443),
(821),
(57),
(208),
(646),
(498),
(957),
(439),
(204),
(564),
(497),
(821),
(87),
(625),
(170),
(232),
(138),
(240),
(855),
(937),
(220),
(324),
(235),
(411),
(835),
(840),
(255),
(523),
(356),
(427),
(601),
(507),
(849),
(158),
(279),
(146),
(765),
(935),
(370),
(418),
(110),
(492),
(909),
(739),
(387),
(37),
(820),
(669),
(703),
(519),
(221),
(174),
(234),
(614),
(290),
(480),
(607),
(872),
(976),
(155),
(438),
(335),
(11),
(670),
(624),
(848),
(817),
(964),
(248),
(714),
(457),
(406),
(365),
(643),
(630),
(383),
(42),
(517),
(150),
(466),
(558),
(6),
(655),
(943),
(517),
(644),
(602),
(433),
(297),
(900),
(704),
(45),
(319),
(707),
(271),
(167),
(869),
(732),
(223),
(599),
(441),
(550),
(748),
(573),
(316),
(397),
(108),
(318),
(499),
(699),
(141),
(241),
(421),
(782),
(391),
(304),
(175),
(234),
(784),
(359),
(185),
(820),
(136),
(248),
(867),
(849),
(762),
(981),
(201),
(236),
(459),
(939),
(284),
(548),
(263),
(333),
(854),
(571),
(689),
(68),
(22),
(638),
(692),
(488),
(133),
(352),
(151),
(954),
(496),
(640),
(126),
(638),
(767),
(736),
(293),
(424),
(768),
(700),
(128),
(363),
(494),
(310),
(640),
(313),
(155),
(52),
(378),
(345),
(464),
(521),
(638),
(492),
(551),
(852),
(740),
(623),
(480),
(560),
(295),
(288),
(501),
(395),
(742),
(167),
(574),
(596),
(806),
(316),
(845),
(907),
(148),
(223),
(440),
(913),
(946),
(818),
(192),
(976),
(729),
(965),
(935),
(403),
(209),
(299),
(317),
(42),
(253),
(226),
(39),
(564),
(292),
(976),
(223),
(3),
(347),
(285),
(325),
(366),
(16),
(980),
(633),
(732),
(127),
(188),
(140),
(866),
(808),
(772),
(482),
(725),
(283),
(282),
(743),
(193),
(26),
(835),
(670),
(602),
(356),
(552),
(496),
(195),
(896),
(135),
(723),
(619),
(72),
(162),
(427),
(370),
(978),
(298),
(977),
(797),
(973),
(998),
(160),
(628),
(124),
(355),
(159),
(472),
(752),
(981),
(151),
(775),
(510),
(95),
(660),
(395),
(156),
(547),
(875),
(674),
(667),
(795),
(763),
(99),
(873),
(170),
(313),
(996),
(266),
(495),
(359),
(225),
(937),
(17),
(351),
(49),
(402),
(609),
(512),
(291),
(566),
(256),
(440),
(460),
(373),
(951),
(140),
(176),
(873),
(133),
(340),
(64),
(697),
(23),
(872),
(473),
(826),
(963),
(948),
(192),
(543),
(853),
(146),
(736),
(298),
(548),
(577),
(270),
(108),
(568),
(557),
(520),
(475),
(951),
(461),
(534),
(680),
(81),
(689),
(577),
(740),
(908),
(488),
(457),
(793),
(736),
(216),
(256),
(40),
(1),
(694),
(303),
(63),
(654),
(934),
(777),
(986),
(516),
(421),
(794),
(632),
(739),
(434),
(370),
(848),
(92),
(689),
(774),
(13),
(586),
(361),
(144),
(319),
(737),
(812),
(285),
(313),
(348),
(191),
(227),
(361),
(188),
(425),
(124),
(798),
(66),
(959),
(838),
(627),
(661),
(642),
(975),
(146),
(743),
(959),
(389),
(870),
(595),
(520),
(984),
(864),
(815),
(902),
(680),
(569),
(494),
(209),
(50),
(964),
(2),
(9),
(669),
(125),
(871),
(530),
(524),
(795),
(364),
(621),
(799),
(666),
(4),
(601),
(261),
(870),
(53),
(721),
(476),
(859),
(442),
(231),
(387),
(983),
(749),
(288),
(187),
(343),
(458),
(379),
(855),
(123),
(145),
(683),
(390),
(686),
(98),
(73),
(84),
(676),
(292),
(299),
(107),
(817),
(885),
(422),
(761),
(793),
(746),
(900),
(327),
(361),
(209),
(218),
(141),
(876),
(837),
(553),
(838),
(559),
(875),
(357),
(305),
(19),
(768),
(254),
(80),
(239),
(593),
(632),
(226),
(577),
(548),
(52),
(16),
(263),
(982),
(637),
(261),
(107),
(953),
(191),
(887),
(994),
(642),
(557),
(66),
(649),
(67),
(424),
(278),
(271),
(823),
(867),
(776),
(62),
(7),
(984),
(542),
(776),
(52),
(565),
(183),
(473),
(750),
(827),
(997),
(381),
(882),
(434),
(822),
(861),
(573),
(546),
(272),
(655),
(570),
(862),
(73),
(232),
(376),
(908),
(229),
(768),
(612),
(299),
(703),
(495),
(507),
(136),
(31),
(239),
(146),
(557),
(310),
(461),
(863),
(316),
(356),
(845),
(46),
(978),
(6),
(491),
(917),
(878),
(508),
(789),
(263),
(205),
(567),
(986),
(299),
(295),
(578),
(326),
(270),
(530),
(187),
(925),
(460),
(748),
(834),
(205),
(567),
(429),
(244),
(98),
(570),
(53),
(29),
(590),
(592),
(9),
(200),
(329),
(495),
(721),
(421),
(809),
(369),
(408),
(446),
(537),
(368),
(938),
(517),
(528),
(648),
(654),
(436),
(874),
(30),
(329),
(321),
(827),
(28),
(933),
(195),
(225),
(808),
(386),
(585),
(804),
(833),
(634),
(426),
(30),
(688),
(596),
(925),
(849),
(218),
(195),
(313),
(132),
(285),
(860),
(803),
(917),
(11),
(212),
(808),
(901),
(72),
(80),
(104),
(157),
(633),
(920),
(289),
(160),
(272),
(190),
(564),
(502),
(968),
(813),
(616),
(638),
(52),
(921),
(355),
(296),
(158),
(301),
(635),
(841),
(306),
(947),
(781),
(490),
(196),
(125),
(820),
(655),
(984),
(320),
(551),
(418),
(205),
(726),
(472),
(570),
(674),
(613),
(864),
(630),
(37),
(833),
(168),
(157),
(422),
(726),
(727),
(791),
(793),
(444),
(906),
(817),
(926),
(567),
(530),
(197),
(57),
(456),
(18),
(306),
(749),
(932),
(860),
(961),
(811),
(630),
(460),
(135),
(179),
(386),
(27),
(175),
(15),
(947),
(91),
(560),
(146),
(276),
(612),
(471),
(587),
(236),
(82),
(380),
(916),
(921),
(351),
(406),
(541),
(959),
(378),
(852),
(418),
(69),
(735),
(740),
(940),
(27),
(277),
(129),
(263),
(190),
(579),
(632),
(158),
(654),
(995),
(778),
(133),
(396),
(409),
(325),
(27),
(586),
(778),
(386),
(385),
(980),
(174),
(318),
(862),
(29),
(149),
(627),
(587),
(453),
(595),
(930),
(683),
(105),
(95),
(663),
(750),
(84),
(668),
(40),
(539),
(975),
(894),
(716),
(120),
(795),
(304),
(866),
(909),
(368),
(112),
(736),
(30),
(1),
(458),
(292),
(552),
